0 0 0
0 0 11
0 1 13
0 2 16
[0 3 20]
[0 6 11 28 11 25 62 40 45 18 94 81 81 89 47 74 87 56 59 37]
0
6
11
11
18
25
28
37
40
45
47
56
59
62
74
81
81
87
89
94
{[1 2 3]}1=[2 3], 2=[3], 
{[1 2 3]}3=[1 2], 2=[1], 
95 0 [95]
66 1 [66 95]
28 2 [28 95 66]
58 3 [28 95 66 58]
47 4 [28 95 66 58 47]
47 5 [28 95 47 58 47 66]
87 6 [28 95 47 58 47 66 87]
88 7 [28 95 47 58 47 66 87 88]
90 8 [28 95 47 58 47 66 87 88 90]
15 9 [15 95 28 58 47 66 87 88 90 47]
41 10 [15 95 28 58 47 66 87 88 90 47 41]
8 11 [8 95 15 58 47 66 87 88 90 47 41 28]
87 12 [8 95 15 58 47 87 87 88 90 47 41 28 66]
31 13 [8 95 15 31 47 87 87 88 90 47 41 28 66 58]
29 14 [8 95 15 29 47 87 87 88 90 47 41 28 66 58 31]
56 15 [8 95 15 29 47 87 87 88 90 47 41 28 66 58 31 56]
37 16 [8 95 15 29 47 87 87 88 90 47 41 28 66 58 31 56 37]
31 17 [8 31 15 29 47 87 87 88 95 47 41 28 66 58 31 56 37 90]
85 18 [8 31 15 29 47 87 87 88 85 47 41 28 66 58 31 56 37 90 95]
26 19 [8 31 15 29 47 87 87 88 85 26 41 28 66 58 31 56 37 90 95 47]
8
31
